The number of integers: 19
     number = 100
     sqrt(100)=10.0
     square(100)=10000
     number = 77
     sqrt(77)=8.774964387392123
     square(77)=5929
     number = 93
     sqrt(93)=9.643650760992955
     square(93)=8649
     number = 32
     sqrt(32)=5.656854249492381
     square(32)=1024
     number = 94
     sqrt(94)=9.695359714832659
     square(94)=8836
     number = 54
     sqrt(54)=7.3484692283495345
     square(54)=2916
     number = 42
     sqrt(42)=6.48074069840786
     square(42)=1764
     number = 37
     sqrt(37)=6.082762530298219
     square(37)=1369
     number = 93
     sqrt(93)=9.643650760992955
     square(93)=8649
     number = 42
     sqrt(42)=6.48074069840786
     square(42)=1764
     number = 40
     sqrt(40)=6.324555320336759
     square(40)=1600
     number = 41
     sqrt(41)=6.4031242374328485
     square(41)=1681
     number = 80
     sqrt(80)=8.94427190999916
     square(80)=6400
     number = 57
     sqrt(57)=7.54983443527075
     square(57)=3249
     number = 17
     sqrt(17)=4.123105625617661
     square(17)=289
     number = 88
     sqrt(88)=9.38083151964686
     square(88)=7744
     number = 99
     sqrt(99)=9.9498743710662
     square(99)=9801
     number = 36
     sqrt(36)=6.0
     square(36)=1296
     number = 63
     sqrt(63)=7.937253933193772
     square(63)=3969
